 5.00000e-01  1.46009e+01
 6.00000e-01  1.56297e+01
 7.00000e-01  1.71662e+01
 8.00000e-01  1.82256e+01
 9.00000e-01  1.90979e+01
 1.00000e+00  2.02156e+01
 1.10000e+00  2.11110e+01
 1.20000e+00  2.19908e+01
 1.30000e+00  2.29677e+01
 1.40000e+00  2.38569e+01
 1.50000e+00  2.45320e+01
 1.60000e+00  2.50042e+01
 1.70000e+00  2.54631e+01
 1.80000e+00  2.59370e+01
 1.90000e+00  2.63240e+01
 2.00000e+00  2.66287e+01
 2.10000e+00  2.66333e+01
 2.20000e+00  2.67168e+01
 2.30000e+00  2.65634e+01
 2.40000e+00  2.66199e+01
 2.50000e+00  2.65076e+01
 2.60000e+00  2.65605e+01
 2.70000e+00  2.66619e+01
 2.80000e+00  2.67298e+01
 2.90000e+00  2.67860e+01
 3.00000e+00  2.69791e+01
 3.10000e+00  2.70436e+01
 3.20000e+00  2.69817e+01
 3.30000e+00  2.70629e+01
 3.40000e+00  2.69824e+01
 3.50000e+00  2.69810e+01
 3.60000e+00  2.68706e+01
 3.70000e+00  2.68516e+01
 3.80000e+00  2.68825e+01
 3.90000e+00  2.67298e+01
 4.00000e+00  2.67195e+01
 4.10000e+00  2.67104e+01
 4.20000e+00  2.67242e+01
 4.30000e+00  2.66319e+01
 4.40000e+00  2.66715e+01
 4.50000e+00  2.66206e+01
 4.60000e+00  2.66590e+01
 4.70000e+00  2.66591e+01
 4.80000e+00  2.67445e+01
 4.90000e+00  2.67894e+01
 5.00000e+00  2.68090e+01
