 1.00000e-01  2.74161e+00
 2.00000e-01  6.31050e+00
 3.00000e-01  6.78626e+00
 4.00000e-01  1.01929e+01
 5.00000e-01  1.05574e+01
 6.00000e-01  1.10428e+01
 7.00000e-01  1.40425e+01
 8.00000e-01  1.44900e+01
 9.00000e-01  1.49824e+01
 1.00000e+00  1.57027e+01
 1.10000e+00  1.80525e+01
 1.20000e+00  1.86599e+01
 1.30000e+00  1.93114e+01
 1.40000e+00  1.99957e+01
 1.50000e+00  2.16318e+01
 1.60000e+00  2.26575e+01
 1.70000e+00  2.35007e+01
 1.80000e+00  2.42681e+01
 1.90000e+00  2.54481e+01
 2.00000e+00  2.66287e+01
 2.10000e+00  2.75696e+01
 2.20000e+00  2.84214e+01
 2.30000e+00  2.94403e+01
 2.40000e+00  3.04912e+01
 2.50000e+00  3.15484e+01
 2.60000e+00  3.25072e+01
 2.70000e+00  3.34834e+01
 2.80000e+00  3.44986e+01
 2.90000e+00  3.55393e+01
 3.00000e+00  3.64274e+01
 3.10000e+00  3.75308e+01
 3.20000e+00  3.84701e+01
 3.30000e+00  3.94503e+01
 3.40000e+00  4.04367e+01
 3.50000e+00  4.14833e+01
 3.60000e+00  4.25412e+01
 3.70000e+00  4.34232e+01
 3.80000e+00  4.45469e+01
 3.90000e+00  4.54755e+01
 4.00000e+00  4.64342e+01
 4.10000e+00  4.74105e+01
 4.20000e+00  4.84280e+01
 4.30000e+00  4.94499e+01
 4.40000e+00  5.05385e+01
 4.50000e+00  5.16479e+01
 4.60000e+00  5.25189e+01
 4.70000e+00  5.34102e+01
 4.80000e+00  5.46187e+01
 4.90000e+00  5.55552e+01
 5.00000e+00  5.65082e+01
