-1.04720e+00  2.11141e+01
-9.94838e-01  2.16855e+01
-9.42478e-01  2.26048e+01
-8.90118e-01  2.31352e+01
-8.37758e-01  2.34839e+01
-7.85398e-01  2.37933e+01
-7.33038e-01  2.40675e+01
-6.80678e-01  2.43223e+01
-6.28319e-01  2.45761e+01
-5.75959e-01  2.48355e+01
-5.23599e-01  2.50879e+01
-4.71239e-01  2.54066e+01
-4.18879e-01  2.56319e+01
-3.66519e-01  2.58154e+01
-3.14159e-01  2.61496e+01
-2.61799e-01  2.62985e+01
-2.09440e-01  2.64301e+01
-1.57080e-01  2.66431e+01
-1.04720e-01  2.66413e+01
-5.23599e-02  2.66757e+01
-2.35922e-16  2.66287e+01
 5.23599e-02  2.64964e+01
 1.04720e-01  2.64761e+01
 1.57080e-01  2.63010e+01
 2.09440e-01  2.61034e+01
 2.61799e-01  2.58819e+01
 3.14159e-01  2.56857e+01
 3.66519e-01  2.54350e+01
 4.18879e-01  2.50789e+01
 4.71239e-01  2.47180e+01
 5.23599e-01  2.43749e+01
 5.75959e-01  2.39687e+01
 6.28319e-01  2.33777e+01
 6.80678e-01  2.29606e+01
 7.33038e-01  2.23768e+01
 7.85398e-01  2.19029e+01
 8.37758e-01  2.15451e+01
 8.90118e-01  2.10685e+01
 9.42478e-01  2.06383e+01
 9.94838e-01  2.03627e+01
 1.04720e+00  1.99769e+01
