 1.00000e-06   1.30000e+00  -9.99995e-02   1.29351e-06   2.00000e+00
 6.00000e-06   1.30000e+00  -9.99968e-02   7.76103e-06   2.00000e+00
 3.10000e-05   1.29999e+00  -9.99834e-02   4.00986e-05   2.00000e+00
 1.56000e-04   1.29996e+00  -9.99166e-02   2.01785e-04   1.99998e+00
 7.81000e-04   1.29981e+00  -9.95826e-02   1.01018e-03   1.99990e+00
 3.90600e-03   1.29907e+00  -9.79150e-02   5.05115e-03   1.99950e+00
 1.95310e-02   1.29527e+00  -8.96391e-02   2.52304e-02   1.99760e+00
 8.08731e-02   1.27946e+00  -5.81764e-02   1.03989e-01   1.99178e+00
 1.57992e-01   1.25766e+00  -2.10690e-02   2.01750e-01   1.98792e+00
 2.38285e-01   1.23300e+00   1.44691e-02   3.01748e-01   1.98761e+00
 3.18578e-01   1.20662e+00   4.66358e-02   3.99650e-01   1.99063e+00
 3.98871e-01   1.17886e+00   7.52258e-02   4.95244e-01   1.99648e+00
 4.79164e-01   1.15003e+00   1.00044e-01   5.88383e-01   2.00469e+00
 5.59456e-01   1.12045e+00   1.20906e-01   6.78978e-01   2.01477e+00
 6.39749e-01   1.09044e+00   1.37640e-01   7.66994e-01   2.02624e+00
 7.20042e-01   1.06033e+00   1.50093e-01   8.52443e-01   2.03864e+00
 8.00335e-01   1.03043e+00   1.58127e-01   9.35377e-01   2.05156e+00
 8.80628e-01   1.00105e+00   1.61633e-01   1.01588e+00   2.06457e+00
 9.60921e-01   9.72503e-01   1.60535e-01   1.09408e+00   2.07731e+00
 1.04121e+00   9.45105e-01   1.54797e-01   1.17009e+00   2.08942e+00
 1.12151e+00   9.19156e-01   1.44440e-01   1.24409e+00   2.10061e+00
 1.20180e+00   8.94953e-01   1.29551e-01   1.31622e+00   2.11058e+00
 1.28209e+00   8.72778e-01   1.10296e-01   1.38666e+00   2.11910e+00
 1.36239e+00   8.52896e-01   8.69338e-02   1.45558e+00   2.12594e+00
 1.44268e+00   8.35547e-01   5.98249e-02   1.52316e+00   2.13094e+00
 1.52297e+00   8.20935e-01   2.94350e-02   1.58957e+00   2.13392e+00
 1.60326e+00   8.09222e-01  -3.66790e-03   1.65499e+00   2.13478e+00
 1.67416e+00   8.01381e-01  -3.46281e-02   1.71206e+00   2.13369e+00
 1.74505e+00   7.95926e-01  -6.66948e-02   1.76859e+00   2.13083e+00
 1.81595e+00   7.92860e-01  -9.93456e-02   1.82469e+00   2.12617e+00
 1.88684e+00   7.92144e-01  -1.32051e-01   1.88049e+00   2.11968e+00
 1.95774e+00   7.93703e-01  -1.64296e-01   1.93607e+00   2.11138e+00
 2.03000e+00   7.97520e-01  -1.96188e-01   1.99262e+00   2.10107e+00
 2.10412e+00   8.03614e-01  -2.27391e-01   2.05061e+00   2.08859e+00
 2.18078e+00   8.12035e-01  -2.57611e-01   2.11071e+00   2.07371e+00
 2.25744e+00   8.22373e-01  -2.85358e-01   2.17105e+00   2.05690e+00
 2.33411e+00   8.34370e-01  -3.10342e-01   2.23174e+00   2.03825e+00
 2.41077e+00   8.47758e-01  -3.32360e-01   2.29290e+00   2.01787e+00
 2.48874e+00   8.62523e-01  -3.51591e-01   2.35570e+00   1.99549e+00
 2.56812e+00   8.78458e-01  -3.67850e-01   2.42037e+00   1.97115e+00
 2.64860e+00   8.95251e-01  -3.80938e-01   2.48678e+00   1.94503e+00
 2.73034e+00   9.12680e-01  -3.90820e-01   2.55523e+00   1.91720e+00
 2.81367e+00   9.30546e-01  -3.97499e-01   2.62613e+00   1.88769e+00
 2.89892e+00   9.48651e-01  -4.00981e-01   2.69992e+00   1.85653e+00
 2.98416e+00   9.66324e-01  -4.01308e-01   2.77506e+00   1.82464e+00
 3.06941e+00   9.83335e-01  -3.98734e-01   2.85160e+00   1.79226e+00
 3.15465e+00   9.99483e-01  -3.93528e-01   2.92956e+00   1.75963e+00
 3.23989e+00   1.01459e+00  -3.85964e-01   3.00897e+00   1.72700e+00
 3.32514e+00   1.02852e+00  -3.76319e-01   3.08981e+00   1.69459e+00
 3.41038e+00   1.04114e+00  -3.64866e-01   3.17203e+00   1.66263e+00
 3.49562e+00   1.05237e+00  -3.51877e-01   3.25560e+00   1.63132e+00
 3.58087e+00   1.06212e+00  -3.37616e-01   3.34043e+00   1.60085e+00
 3.66611e+00   1.07036e+00  -3.22338e-01   3.42642e+00   1.57139e+00
 3.75237e+00   1.07713e+00  -3.06096e-01   3.51452e+00   1.54276e+00
 3.83965e+00   1.08237e+00  -2.89113e-01   3.60462e+00   1.51512e+00
 3.92809e+00   1.08604e+00  -2.71588e-01   3.69678e+00   1.48858e+00
 4.01790e+00   1.08813e+00  -2.53717e-01   3.79107e+00   1.46323e+00
 4.10930e+00   1.08861e+00  -2.35694e-01   3.88759e+00   1.43913e+00
 4.20259e+00   1.08748e+00  -2.17714e-01   3.98651e+00   1.41632e+00
 4.29814e+00   1.08474e+00  -1.99976e-01   4.08805e+00   1.39481e+00
 4.39649e+00   1.08037e+00  -1.82678e-01   4.19258e+00   1.37457e+00
 4.49483e+00   1.07461e+00  -1.66578e-01   4.29694e+00   1.35617e+00
 4.59317e+00   1.06762e+00  -1.51878e-01   4.40096e+00   1.33948e+00
 4.69151e+00   1.05959e+00  -1.38754e-01   4.50446e+00   1.32434e+00
 4.78985e+00   1.05073e+00  -1.27356e-01   4.60732e+00   1.31059e+00
 4.88819e+00   1.04121e+00  -1.17801e-01   4.70941e+00   1.29803e+00
 4.98653e+00   1.03126e+00  -1.10179e-01   4.81066e+00   1.28645e+00
 5.08488e+00   1.02107e+00  -1.04546e-01   4.91100e+00   1.27565e+00
 5.18424e+00   1.01074e+00  -1.00899e-01   5.01141e+00   1.26532e+00
 5.28360e+00   1.00055e+00  -9.92923e-02   5.11083e+00   1.25535e+00
 5.38296e+00   9.90707e-01  -9.96789e-02   5.20926e+00   1.24554e+00
 5.48232e+00   9.81373e-01  -1.01973e-01   5.30673e+00   1.23570e+00
 5.58168e+00   9.72707e-01  -1.06054e-01   5.40328e+00   1.22563e+00
 5.68103e+00   9.64847e-01  -1.11768e-01   5.49896e+00   1.21518e+00
 5.78039e+00   9.57908e-01  -1.18928e-01   5.59384e+00   1.20420e+00
 5.87975e+00   9.51983e-01  -1.27324e-01   5.68800e+00   1.19256e+00
 5.97911e+00   9.47141e-01  -1.36723e-01   5.78152e+00   1.18015e+00
 6.07847e+00   9.43425e-01  -1.46876e-01   5.87449e+00   1.16688e+00
 6.17783e+00   9.40851e-01  -1.57529e-01   5.96701e+00   1.15269e+00
 6.27719e+00   9.39411e-01  -1.68424e-01   6.05917e+00   1.13754e+00
 6.37655e+00   9.39074e-01  -1.79311e-01   6.15108e+00   1.12140e+00
 6.47591e+00   9.39783e-01  -1.89955e-01   6.24283e+00   1.10426e+00
 6.57768e+00   9.41517e-01  -2.00377e-01   6.33672e+00   1.08569e+00
 6.68298e+00   9.44282e-01  -2.10435e-01   6.43392e+00   1.06543e+00
 6.79033e+00   9.47986e-01  -2.19728e-01   6.53313e+00   1.04375e+00
 6.89767e+00   9.52438e-01  -2.27889e-01   6.63258e+00   1.02110e+00
 7.00502e+00   9.57485e-01  -2.34799e-01   6.73235e+00   9.97588e-01
 7.11236e+00   9.62968e-01  -2.40378e-01   6.83253e+00   9.73318e-01
 7.22108e+00   9.68803e-01  -2.44634e-01   6.93446e+00   9.48090e-01
 7.32980e+00   9.74763e-01  -2.47487e-01   7.03692e+00   9.22343e-01
 7.44036e+00   9.80799e-01  -2.48985e-01   7.14171e+00   8.95769e-01
 7.55261e+00   9.86751e-01  -2.49130e-01   7.24873e+00   8.68539e-01
 7.66622e+00   9.92457e-01  -2.47966e-01   7.35771e+00   8.40867e-01
 7.77984e+00   9.97720e-01  -2.45614e-01   7.46735e+00   8.13236e-01
 7.89346e+00   1.00244e+00  -2.42220e-01   7.57761e+00   7.85785e-01
 8.00708e+00   1.00653e+00  -2.37945e-01   7.68847e+00   7.58639e-01
 8.12069e+00   1.00994e+00  -2.32957e-01   7.79987e+00   7.31908e-01
 8.23431e+00   1.01263e+00  -2.27429e-01   7.91174e+00   7.05687e-01
 8.34793e+00   1.01457e+00  -2.21533e-01   8.02402e+00   6.80047e-01
 8.46155e+00   1.01578e+00  -2.15436e-01   8.13663e+00   6.55045e-01
 8.57516e+00   1.01627e+00  -2.09298e-01   8.24948e+00   6.30712e-01
 8.69094e+00   1.01606e+00  -2.03159e-01   8.36464e+00   6.06623e-01
 8.80984e+00   1.01516e+00  -1.97126e-01   8.48299e+00   5.82617e-01
 8.93296e+00   1.01358e+00  -1.91319e-01   8.60554e+00   5.58517e-01
 9.05901e+00   1.01137e+00  -1.85974e-01   8.73091e+00   5.34590e-01
 9.18507e+00   1.00866e+00  -1.81356e-01   8.85609e+00   5.11344e-01
 9.31112e+00   1.00558e+00  -1.77553e-01   8.98101e+00   4.88693e-01
 9.43717e+00   1.00224e+00  -1.74625e-01   9.10560e+00   4.66533e-01
 9.56323e+00   9.98771e-01  -1.72603e-01   9.22982e+00   4.44756e-01
 9.69078e+00   9.95240e-01  -1.71482e-01   9.35512e+00   4.22995e-01
 9.81833e+00   9.91803e-01  -1.71264e-01   9.47998e+00   4.01394e-01
 9.94803e+00   9.88509e-01  -1.71914e-01   9.60652e+00   3.79476e-01
 1.00777e+01   9.85512e-01  -1.73361e-01   9.73262e+00   3.57494e-01
 1.02074e+01   9.82890e-01  -1.75503e-01   9.85833e+00   3.35348e-01
 1.03371e+01   9.80702e-01  -1.78219e-01   9.98368e+00   3.12951e-01
 1.04668e+01   9.78989e-01  -1.81378e-01   1.01087e+01   2.90230e-01
 1.05965e+01   9.77775e-01  -1.84843e-01   1.02335e+01   2.67127e-01
 1.07262e+01   9.77064e-01  -1.88474e-01   1.03580e+01   2.43604e-01
 1.08559e+01   9.76842e-01  -1.92137e-01   1.04825e+01   2.19637e-01
 1.09856e+01   9.77081e-01  -1.95704e-01   1.06068e+01   1.95218e-01
 1.11197e+01   9.77768e-01  -1.99171e-01   1.07353e+01   1.69511e-01
 1.12596e+01   9.78898e-01  -2.02437e-01   1.08694e+01   1.42200e-01
 1.14015e+01   9.80396e-01  -2.05279e-01   1.10055e+01   1.14057e-01
 1.15434e+01   9.82161e-01  -2.07576e-01   1.11418e+01   8.55159e-02
 1.16852e+01   9.84100e-01  -2.09283e-01   1.12782e+01   5.66472e-02
 1.18288e+01   9.86146e-01  -2.10389e-01   1.14165e+01   2.71867e-02
 1.19723e+01   9.88189e-01  -2.10881e-01   1.15551e+01  -2.44554e-03
